4.000000000000000083e-03
9.806649999999999423e+00
3.333333333333333547e-03
5.999999999999999778e-01
1.000000000000000082e-05
1.000000000000000062e-09
9.999999999999999547e-07
7.099999999999999645e-01
6.830000000000000515e-01
6.800000000000000488e-01
9.499999999999999556e-01
3.998304256019245031e+02
2.545399545323303769e+01
7.873199999999999932e+01
5.593900000000000261e-02
3.974690262401833069e-02
1.250000000000000000e-01
1.363244882908271338e-01
-1.341390849744208857e+00
1.630000000000000060e-01
1.819999999999999951e-01
3.099999999999999978e-02
-9.029386145702686939e-01
8.379135167327409484e-01
2.000000000000000111e-01
0.000000000000000000e+00
0.000000000000000000e+00
0.000000000000000000e+00
0.000000000000000000e+00
0.000000000000000000e+00
