5.736059038177925284e-01 3.273643174175257242e-02 -2.168404344971008868e-19 0.000000000000000000e+00 8.673617379884035472e-19 1.451590627048385151e+00 -1.139380000000000059e-04 -1.139380000000000059e-04 -1.139380000000000059e-04 -9.450000000000002696e-06 1.139380000000000059e-04 1.139380000000000059e-04 1.139380000000000059e-04 9.450000000000002696e-06 4.849860625556317575e-05 9.078177743787323064e-06 -4.849860625556317575e-05 -9.078177743787323064e-06
3.273643174175257242e-02 8.805711295835336183e-02 0.000000000000000000e+00 -8.673617379884035472e-19 0.000000000000000000e+00 -2.248907393744436489e-01 2.709990199999999863e-03 7.593040000000000336e-04 0.000000000000000000e+00 0.000000000000000000e+00 -2.709990199999999863e-03 -7.593040000000000336e-04 0.000000000000000000e+00 0.000000000000000000e+00 1.705073167161476918e-04 1.394135412587034538e-04 -1.705073167161476918e-04 -1.394135412587034538e-04
-2.168404344971008868e-19 1.084202172485504434e-19 6.329889371594791259e-01 -1.451590627048385151e+00 2.248907393744436489e-01 0.000000000000000000e+00 3.220218199930000025e-02 1.208562376199999976e-02 4.251152020000000041e-04 5.185625000000001025e-05 3.220218199930000025e-02 1.208562376199999976e-02 4.251152020000000041e-04 5.185625000000001025e-05 5.354392263609253702e-03 1.950842417004453912e-03 5.354392263609253702e-03 1.950842417004453912e-03
0.000000000000000000e+00 -8.673617379884035472e-19 -1.451590627048385151e+00 1.003799800000000353e+01 0.000000000000000000e+00 0.000000000000000000e+00 1.354995099999999897e-01 3.796519999999999756e-02 0.000000000000000000e+00 0.000000000000000000e+00 1.354995099999999897e-01 3.796519999999999756e-02 0.000000000000000000e+00 0.000000000000000000e+00 8.525365835807383399e-03 6.970677062935172474e-03 8.525365835807383399e-03 6.970677062935172474e-03
8.673617379884035472e-19 0.000000000000000000e+00 2.248907393744436489e-01 0.000000000000000000e+00 1.003799800000000353e+01 0.000000000000000000e+00 5.696899999999999534e-03 5.696899999999999534e-03 5.696899999999999534e-03 4.725000000000001551e-04 5.696899999999999534e-03 5.696899999999999534e-03 5.696899999999999534e-03 4.725000000000001551e-04 -2.424930312778158029e-03 -4.539088871893661261e-04 -2.424930312778158029e-03 -4.539088871893661261e-04
1.451590627048385151e+00 -2.248907393744436489e-01 0.000000000000000000e+00 0.000000000000000000e+00 0.000000000000000000e+00 1.003799800000000353e+01 0.000000000000000000e+00 0.000000000000000000e+00 0.000000000000000000e+00 0.000000000000000000e+00 0.000000000000000000e+00 0.000000000000000000e+00 0.000000000000000000e+00 0.000000000000000000e+00 0.000000000000000000e+00 0.000000000000000000e+00 0.000000000000000000e+00 0.000000000000000000e+00
-1.139380000000000059e-04 2.709990200000000297e-03 3.220218199930000025e-02 1.354995099999999897e-01 5.696899999999999534e-03 0.000000000000000000e+00 3.220218199930000025e-02 1.208562376199999976e-02 4.251152020000000041e-04 5.185625000000001025e-05 0.000000000000000000e+00 0.000000000000000000e+00 0.000000000000000000e+00 0.000000000000000000e+00 0.000000000000000000e+00 0.000000000000000000e+00 0.000000000000000000e+00 0.000000000000000000e+00
-1.139380000000000059e-04 7.593040000000000336e-04 1.208562376199999976e-02 3.796519999999999756e-02 5.696899999999999534e-03 0.000000000000000000e+00 1.208562376199999976e-02 5.897296162000000008e-03 4.251152020000000041e-04 5.185625000000001025e-05 0.000000000000000000e+00 0.000000000000000000e+00 0.000000000000000000e+00 0.000000000000000000e+00 0.000000000000000000e+00 0.000000000000000000e+00 0.000000000000000000e+00 0.000000000000000000e+00
-1.139380000000000059e-04 0.000000000000000000e+00 4.251152020000000041e-04 0.000000000000000000e+00 5.696899999999999534e-03 0.000000000000000000e+00 4.251152020000000041e-04 4.251152020000000041e-04 4.251152020000000041e-04 5.185625000000001025e-05 0.000000000000000000e+00 0.000000000000000000e+00 0.000000000000000000e+00 0.000000000000000000e+00 0.000000000000000000e+00 0.000000000000000000e+00 0.000000000000000000e+00 0.000000000000000000e+00
-9.450000000000002696e-06 0.000000000000000000e+00 5.185625000000001702e-05 0.000000000000000000e+00 4.725000000000001551e-04 0.000000000000000000e+00 5.185625000000001702e-05 5.185625000000001702e-05 5.185625000000001702e-05 1.689125000000000535e-05 0.000000000000000000e+00 0.000000000000000000e+00 0.000000000000000000e+00 0.000000000000000000e+00 0.000000000000000000e+00 0.000000000000000000e+00 0.000000000000000000e+00 0.000000000000000000e+00
1.139380000000000059e-04 -2.709990200000000297e-03 3.220218199930000025e-02 1.354995099999999897e-01 5.696899999999999534e-03 0.000000000000000000e+00 0.000000000000000000e+00 0.000000000000000000e+00 0.000000000000000000e+00 0.000000000000000000e+00 3.220218199930000025e-02 1.208562376199999976e-02 4.251152020000000041e-04 5.185625000000001025e-05 0.000000000000000000e+00 0.000000000000000000e+00 0.000000000000000000e+00 0.000000000000000000e+00
1.139380000000000059e-04 -7.593040000000000336e-04 1.208562376199999976e-02 3.796519999999999756e-02 5.696899999999999534e-03 0.000000000000000000e+00 0.000000000000000000e+00 0.000000000000000000e+00 0.000000000000000000e+00 0.000000000000000000e+00 1.208562376199999976e-02 5.897296162000000008e-03 4.251152020000000041e-04 5.185625000000001025e-05 0.000000000000000000e+00 0.000000000000000000e+00 0.000000000000000000e+00 0.000000000000000000e+00
1.139380000000000059e-04 0.000000000000000000e+00 4.251152020000000041e-04 0.000000000000000000e+00 5.696899999999999534e-03 0.000000000000000000e+00 0.000000000000000000e+00 0.000000000000000000e+00 0.000000000000000000e+00 0.000000000000000000e+00 4.251152020000000041e-04 4.251152020000000041e-04 4.251152020000000041e-04 5.185625000000001025e-05 0.000000000000000000e+00 0.000000000000000000e+00 0.000000000000000000e+00 0.000000000000000000e+00
9.450000000000002696e-06 0.000000000000000000e+00 5.185625000000001702e-05 0.000000000000000000e+00 4.725000000000001551e-04 0.000000000000000000e+00 0.000000000000000000e+00 0.000000000000000000e+00 0.000000000000000000e+00 0.000000000000000000e+00 5.185625000000001702e-05 5.185625000000001702e-05 5.185625000000001702e-05 1.689125000000000535e-05 0.000000000000000000e+00 0.000000000000000000e+00 0.000000000000000000e+00 0.000000000000000000e+00
4.849860625556314865e-05 1.705073167161476918e-04 5.354392263609254569e-03 8.525365835807383399e-03 -2.424930312778158029e-03 0.000000000000000000e+00 0.000000000000000000e+00 0.000000000000000000e+00 0.000000000000000000e+00 0.000000000000000000e+00 0.000000000000000000e+00 0.000000000000000000e+00 0.000000000000000000e+00 0.000000000000000000e+00 4.871729831969338897e-03 1.145101399693003019e-03 0.000000000000000000e+00 0.000000000000000000e+00
9.078177743787323064e-06 1.394135412587034538e-04 1.950842417004453912e-03 6.970677062935172474e-03 -4.539088871893661261e-04 0.000000000000000000e+00 0.000000000000000000e+00 0.000000000000000000e+00 0.000000000000000000e+00 0.000000000000000000e+00 0.000000000000000000e+00 0.000000000000000000e+00 0.000000000000000000e+00 0.000000000000000000e+00 1.145101399693003019e-03 5.609308320000002106e-04 0.000000000000000000e+00 0.000000000000000000e+00
-4.849860625556314865e-05 -1.705073167161476918e-04 5.354392263609254569e-03 8.525365835807383399e-03 -2.424930312778158029e-03 0.000000000000000000e+00 0.000000000000000000e+00 0.000000000000000000e+00 0.000000000000000000e+00 0.000000000000000000e+00 0.000000000000000000e+00 0.000000000000000000e+00 0.000000000000000000e+00 0.000000000000000000e+00 0.000000000000000000e+00 0.000000000000000000e+00 4.871729831969338897e-03 1.145101399693003019e-03
-9.078177743787323064e-06 -1.394135412587034538e-04 1.950842417004453912e-03 6.970677062935172474e-03 -4.539088871893661261e-04 0.000000000000000000e+00 0.000000000000000000e+00 0.000000000000000000e+00 0.000000000000000000e+00 0.000000000000000000e+00 0.000000000000000000e+00 0.000000000000000000e+00 0.000000000000000000e+00 0.000000000000000000e+00 0.000000000000000000e+00 0.000000000000000000e+00 1.145101399693003019e-03 5.609308320000002106e-04
