1
1
1
0
0
0
1
1
1
1
1
1
1
1
1
1
1
1
0
1
2
3
4
5
6
10
14
16
15
17
7
11
8
12
9
13
0
0
6
7
8
9
10
11
12
13
14
15
16
17
18
-1
0
1
1
1
1
4
5
2
3
8
9
10
11
0
0
6
13
20
27
34
42
50
58
66
75
84
94
104
0
1
2
3
4
5
6
0
1
2
3
4
5
7
0
1
2
3
4
5
8
0
1
2
3
4
5
9
0
1
2
3
4
5
10
8
0
1
2
3
4
5
11
9
0
1
2
3
4
5
12
6
0
1
2
3
4
5
13
7
0
1
2
3
4
5
14
12
6
0
1
2
3
4
5
15
13
7
0
1
2
3
4
5
16
14
12
6
0
1
2
3
4
5
17
15
13
7
0
1
2
3
4
5
10
10
11
11
6
6
7
7
6
7
8
9
10
11
12
13
14
15
16
17
14
15
16
17
6
7
8
9
10
11
12
13
0
1
2
3
4
5
6
7
8
9
10
11
4
6
0
2
