1.000000000000000000e+00
0.000000000000000000e+00
0.000000000000000000e+00
0.000000000000000000e+00
1.000000000000000000e+00
0.000000000000000000e+00
0.000000000000000000e+00
0.000000000000000000e+00
1.000000000000000000e+00
1.000000000000000000e+00
0.000000000000000000e+00
0.000000000000000000e+00
0.000000000000000000e+00
1.000000000000000000e+00
0.000000000000000000e+00
0.000000000000000000e+00
0.000000000000000000e+00
1.000000000000000000e+00
0.000000000000000000e+00
0.000000000000000000e+00
1.000000000000000000e+00
0.000000000000000000e+00
0.000000000000000000e+00
1.000000000000000000e+00
0.000000000000000000e+00
0.000000000000000000e+00
1.000000000000000000e+00
0.000000000000000000e+00
0.000000000000000000e+00
1.000000000000000000e+00
0.000000000000000000e+00
0.000000000000000000e+00
1.000000000000000000e+00
0.000000000000000000e+00
0.000000000000000000e+00
1.000000000000000000e+00
0.000000000000000000e+00
0.000000000000000000e+00
1.000000000000000000e+00
0.000000000000000000e+00
0.000000000000000000e+00
1.000000000000000000e+00
0.000000000000000000e+00
0.000000000000000000e+00
1.000000000000000000e+00
0.000000000000000000e+00
0.000000000000000000e+00
1.000000000000000000e+00
0.000000000000000000e+00
0.000000000000000000e+00
1.000000000000000000e+00
0.000000000000000000e+00
0.000000000000000000e+00
1.000000000000000000e+00
1.000000000000000000e+00
1.000000000000000000e+00
1.000000000000000000e+00
1.000000000000000000e+00
1.000000000000000000e+00
1.000000000000000000e+00
1.000000000000000000e+00
1.000000000000000000e+00
1.000000000000000000e+00
1.000000000000000000e+00
1.000000000000000000e+00
1.000000000000000000e+00
1.000000000000000000e+00
1.000000000000000000e+00
1.000000000000000000e+00
1.000000000000000000e+00
1.000000000000000000e+00
1.000000000000000000e+00
0.000000000000000000e+00
0.000000000000000000e+00
0.000000000000000000e+00
0.000000000000000000e+00
0.000000000000000000e+00
0.000000000000000000e+00
0.000000000000000000e+00
0.000000000000000000e+00
0.000000000000000000e+00
0.000000000000000000e+00
0.000000000000000000e+00
0.000000000000000000e+00
0.000000000000000000e+00
0.000000000000000000e+00
0.000000000000000000e+00
0.000000000000000000e+00
0.000000000000000000e+00
0.000000000000000000e+00
0.000000000000000000e+00
7.371997999999999607e+00
5.570000000000000506e-01
5.570000000000000506e-01
2.736999999999999988e-01
2.736999999999999988e-01
1.323000000000000009e-01
1.323000000000000009e-01
2.690000000000000169e-01
2.690000000000000169e-01
8.000000000000000167e-02
8.000000000000000167e-02
2.100000000000000130e-02
2.100000000000000130e-02
0.000000000000000000e+00
0.000000000000000000e+00
0.000000000000000000e+00
0.000000000000000000e+00
2.506399999999999739e-01
0.000000000000000000e+00
0.000000000000000000e+00
-6.683000000000000052e-02
0.000000000000000000e+00
0.000000000000000000e+00
-6.683000000000000052e-02
0.000000000000000000e+00
0.000000000000000000e+00
5.124999999999999695e-02
0.000000000000000000e+00
0.000000000000000000e+00
5.124999999999999695e-02
0.000000000000000000e+00
0.000000000000000000e+00
-5.280000000000000665e-02
0.000000000000000000e+00
0.000000000000000000e+00
-5.280000000000000665e-02
0.000000000000000000e+00
0.000000000000000000e+00
-7.280000000000000360e-02
0.000000000000000000e+00
0.000000000000000000e+00
-7.280000000000000360e-02
0.000000000000000000e+00
4.587999999999999717e-02
0.000000000000000000e+00
0.000000000000000000e+00
4.587999999999999717e-02
0.000000000000000000e+00
0.000000000000000000e+00
2.249999999999999917e-02
0.000000000000000000e+00
0.000000000000000000e+00
2.249999999999999917e-02
0.000000000000000000e+00
0.000000000000000000e+00
0.000000000000000000e+00
0.000000000000000000e+00
0.000000000000000000e+00
2.069999999999999965e-02
2.069999999999999965e-02
2.069999999999999965e-02
1.610000000000000103e-03
1.610000000000000103e-03
1.610000000000000103e-03
1.610000000000000103e-03
1.610000000000000103e-03
1.610000000000000103e-03
3.563802083333333318e-04
3.563802083333333318e-04
3.563802083333333318e-04
3.563802083333333318e-04
3.563802083333333318e-04
3.563802083333333318e-04
1.920996000000000335e-04
1.920996000000000335e-04
1.920996000000000335e-04
1.920996000000000335e-04
1.920996000000000335e-04
1.920996000000000335e-04
7.010000000000000172e-04
7.010000000000000172e-04
7.010000000000000172e-04
7.010000000000000172e-04
7.010000000000000172e-04
7.010000000000000172e-04
5.489999999999999953e-05
5.489999999999999953e-05
5.489999999999999953e-05
5.489999999999999953e-05
5.489999999999999953e-05
5.489999999999999953e-05
6.260000000000000204e-06
6.260000000000000204e-06
6.260000000000000204e-06
6.260000000000000204e-06
6.260000000000000204e-06
6.260000000000000204e-06
1.000000000000000000e+00
0.000000000000000000e+00
0.000000000000000000e+00
0.000000000000000000e+00
0.000000000000000000e+00
1.000000000000000000e+00
0.000000000000000000e+00
0.000000000000000000e+00
0.000000000000000000e+00
0.000000000000000000e+00
1.000000000000000000e+00
0.000000000000000000e+00
0.000000000000000000e+00
0.000000000000000000e+00
0.000000000000000000e+00
1.000000000000000000e+00
1.000000000000000000e+00
0.000000000000000000e+00
0.000000000000000000e+00
0.000000000000000000e+00
0.000000000000000000e+00
1.000000000000000000e+00
0.000000000000000000e+00
0.000000000000000000e+00
0.000000000000000000e+00
0.000000000000000000e+00
1.000000000000000000e+00
0.000000000000000000e+00
0.000000000000000000e+00
0.000000000000000000e+00
0.000000000000000000e+00
1.000000000000000000e+00
1.000000000000000000e+00
0.000000000000000000e+00
0.000000000000000000e+00
0.000000000000000000e+00
0.000000000000000000e+00
1.000000000000000000e+00
0.000000000000000000e+00
0.000000000000000000e+00
0.000000000000000000e+00
0.000000000000000000e+00
1.000000000000000000e+00
2.000000000000000042e-02
0.000000000000000000e+00
0.000000000000000000e+00
0.000000000000000000e+00
1.000000000000000000e+00
1.000000000000000000e+00
0.000000000000000000e+00
0.000000000000000000e+00
0.000000000000000000e+00
0.000000000000000000e+00
1.000000000000000000e+00
0.000000000000000000e+00
0.000000000000000000e+00
0.000000000000000000e+00
0.000000000000000000e+00
1.000000000000000000e+00
-2.000000000000000042e-02
0.000000000000000000e+00
0.000000000000000000e+00
0.000000000000000000e+00
1.000000000000000000e+00
1.000000000000000000e+00
0.000000000000000000e+00
0.000000000000000000e+00
2.688999999999999724e-01
0.000000000000000000e+00
1.000000000000000000e+00
0.000000000000000000e+00
-1.330999999999999961e-01
0.000000000000000000e+00
0.000000000000000000e+00
1.000000000000000000e+00
2.000000000000000042e-02
0.000000000000000000e+00
0.000000000000000000e+00
0.000000000000000000e+00
1.000000000000000000e+00
1.000000000000000000e+00
0.000000000000000000e+00
0.000000000000000000e+00
2.688999999999999724e-01
0.000000000000000000e+00
1.000000000000000000e+00
0.000000000000000000e+00
-1.330999999999999961e-01
0.000000000000000000e+00
0.000000000000000000e+00
1.000000000000000000e+00
-2.000000000000000042e-02
0.000000000000000000e+00
0.000000000000000000e+00
0.000000000000000000e+00
1.000000000000000000e+00
1.000000000000000000e+00
0.000000000000000000e+00
0.000000000000000000e+00
0.000000000000000000e+00
0.000000000000000000e+00
1.000000000000000000e+00
0.000000000000000000e+00
-1.250000000000000000e-01
0.000000000000000000e+00
0.000000000000000000e+00
1.000000000000000000e+00
0.000000000000000000e+00
0.000000000000000000e+00
0.000000000000000000e+00
0.000000000000000000e+00
1.000000000000000000e+00
1.000000000000000000e+00
0.000000000000000000e+00
0.000000000000000000e+00
0.000000000000000000e+00
0.000000000000000000e+00
1.000000000000000000e+00
0.000000000000000000e+00
-1.250000000000000000e-01
0.000000000000000000e+00
0.000000000000000000e+00
1.000000000000000000e+00
0.000000000000000000e+00
0.000000000000000000e+00
0.000000000000000000e+00
0.000000000000000000e+00
1.000000000000000000e+00
1.000000000000000000e+00
0.000000000000000000e+00
0.000000000000000000e+00
0.000000000000000000e+00
0.000000000000000000e+00
1.000000000000000000e+00
0.000000000000000000e+00
-1.630000000000000060e-01
0.000000000000000000e+00
0.000000000000000000e+00
1.000000000000000000e+00
0.000000000000000000e+00
0.000000000000000000e+00
0.000000000000000000e+00
0.000000000000000000e+00
1.000000000000000000e+00
1.000000000000000000e+00
0.000000000000000000e+00
0.000000000000000000e+00
0.000000000000000000e+00
0.000000000000000000e+00
1.000000000000000000e+00
0.000000000000000000e+00
-1.630000000000000060e-01
0.000000000000000000e+00
0.000000000000000000e+00
1.000000000000000000e+00
0.000000000000000000e+00
0.000000000000000000e+00
0.000000000000000000e+00
0.000000000000000000e+00
1.000000000000000000e+00
1.000000000000000000e+00
0.000000000000000000e+00
0.000000000000000000e+00
0.000000000000000000e+00
0.000000000000000000e+00
1.000000000000000000e+00
0.000000000000000000e+00
-1.819999999999999951e-01
0.000000000000000000e+00
0.000000000000000000e+00
1.000000000000000000e+00
0.000000000000000000e+00
0.000000000000000000e+00
0.000000000000000000e+00
0.000000000000000000e+00
1.000000000000000000e+00
1.000000000000000000e+00
0.000000000000000000e+00
0.000000000000000000e+00
0.000000000000000000e+00
0.000000000000000000e+00
1.000000000000000000e+00
0.000000000000000000e+00
-1.819999999999999951e-01
0.000000000000000000e+00
0.000000000000000000e+00
1.000000000000000000e+00
0.000000000000000000e+00
0.000000000000000000e+00
0.000000000000000000e+00
0.000000000000000000e+00
1.000000000000000000e+00
1.000000000000000000e+00
0.000000000000000000e+00
0.000000000000000000e+00
7.399999999999999634e-02
0.000000000000000000e+00
1.000000000000000000e+00
0.000000000000000000e+00
0.000000000000000000e+00
0.000000000000000000e+00
0.000000000000000000e+00
1.000000000000000000e+00
0.000000000000000000e+00
0.000000000000000000e+00
0.000000000000000000e+00
0.000000000000000000e+00
1.000000000000000000e+00
1.000000000000000000e+00
0.000000000000000000e+00
0.000000000000000000e+00
7.399999999999999634e-02
0.000000000000000000e+00
1.000000000000000000e+00
0.000000000000000000e+00
0.000000000000000000e+00
0.000000000000000000e+00
0.000000000000000000e+00
1.000000000000000000e+00
0.000000000000000000e+00
0.000000000000000000e+00
0.000000000000000000e+00
0.000000000000000000e+00
1.000000000000000000e+00
1.000000000000000000e+00
0.000000000000000000e+00
0.000000000000000000e+00
0.000000000000000000e+00
0.000000000000000000e+00
1.000000000000000000e+00
0.000000000000000000e+00
0.000000000000000000e+00
0.000000000000000000e+00
0.000000000000000000e+00
1.000000000000000000e+00
0.000000000000000000e+00
0.000000000000000000e+00
0.000000000000000000e+00
0.000000000000000000e+00
1.000000000000000000e+00
1.000000000000000000e+00
0.000000000000000000e+00
0.000000000000000000e+00
0.000000000000000000e+00
0.000000000000000000e+00
1.000000000000000000e+00
0.000000000000000000e+00
0.000000000000000000e+00
0.000000000000000000e+00
0.000000000000000000e+00
1.000000000000000000e+00
0.000000000000000000e+00
0.000000000000000000e+00
0.000000000000000000e+00
0.000000000000000000e+00
1.000000000000000000e+00
1.000000000000000000e+00
0.000000000000000000e+00
0.000000000000000000e+00
0.000000000000000000e+00
0.000000000000000000e+00
1.000000000000000000e+00
0.000000000000000000e+00
0.000000000000000000e+00
0.000000000000000000e+00
0.000000000000000000e+00
1.000000000000000000e+00
0.000000000000000000e+00
0.000000000000000000e+00
0.000000000000000000e+00
0.000000000000000000e+00
1.000000000000000000e+00
1.000000000000000000e+00
0.000000000000000000e+00
0.000000000000000000e+00
0.000000000000000000e+00
0.000000000000000000e+00
1.000000000000000000e+00
0.000000000000000000e+00
0.000000000000000000e+00
0.000000000000000000e+00
0.000000000000000000e+00
1.000000000000000000e+00
0.000000000000000000e+00
0.000000000000000000e+00
0.000000000000000000e+00
0.000000000000000000e+00
1.000000000000000000e+00
1.000000000000000000e+00
0.000000000000000000e+00
0.000000000000000000e+00
0.000000000000000000e+00
0.000000000000000000e+00
1.000000000000000000e+00
0.000000000000000000e+00
0.000000000000000000e+00
0.000000000000000000e+00
0.000000000000000000e+00
1.000000000000000000e+00
0.000000000000000000e+00
0.000000000000000000e+00
0.000000000000000000e+00
0.000000000000000000e+00
1.000000000000000000e+00
1.000000000000000000e+00
0.000000000000000000e+00
0.000000000000000000e+00
0.000000000000000000e+00
0.000000000000000000e+00
1.000000000000000000e+00
0.000000000000000000e+00
0.000000000000000000e+00
0.000000000000000000e+00
0.000000000000000000e+00
1.000000000000000000e+00
0.000000000000000000e+00
0.000000000000000000e+00
0.000000000000000000e+00
0.000000000000000000e+00
1.000000000000000000e+00
1.000000000000000000e+00
0.000000000000000000e+00
0.000000000000000000e+00
0.000000000000000000e+00
0.000000000000000000e+00
1.000000000000000000e+00
0.000000000000000000e+00
0.000000000000000000e+00
0.000000000000000000e+00
0.000000000000000000e+00
1.000000000000000000e+00
0.000000000000000000e+00
0.000000000000000000e+00
0.000000000000000000e+00
0.000000000000000000e+00
1.000000000000000000e+00
1.000000000000000000e+00
0.000000000000000000e+00
0.000000000000000000e+00
0.000000000000000000e+00
0.000000000000000000e+00
1.000000000000000000e+00
0.000000000000000000e+00
0.000000000000000000e+00
0.000000000000000000e+00
0.000000000000000000e+00
1.000000000000000000e+00
0.000000000000000000e+00
0.000000000000000000e+00
0.000000000000000000e+00
0.000000000000000000e+00
1.000000000000000000e+00
1.000000000000000000e+00
0.000000000000000000e+00
0.000000000000000000e+00
0.000000000000000000e+00
0.000000000000000000e+00
1.000000000000000000e+00
0.000000000000000000e+00
0.000000000000000000e+00
0.000000000000000000e+00
0.000000000000000000e+00
1.000000000000000000e+00
0.000000000000000000e+00
0.000000000000000000e+00
0.000000000000000000e+00
0.000000000000000000e+00
1.000000000000000000e+00
1.000000000000000000e+00
0.000000000000000000e+00
0.000000000000000000e+00
0.000000000000000000e+00
0.000000000000000000e+00
1.000000000000000000e+00
0.000000000000000000e+00
0.000000000000000000e+00
0.000000000000000000e+00
0.000000000000000000e+00
1.000000000000000000e+00
0.000000000000000000e+00
0.000000000000000000e+00
0.000000000000000000e+00
0.000000000000000000e+00
1.000000000000000000e+00
1.000000000000000000e+00
0.000000000000000000e+00
0.000000000000000000e+00
0.000000000000000000e+00
0.000000000000000000e+00
1.000000000000000000e+00
0.000000000000000000e+00
0.000000000000000000e+00
0.000000000000000000e+00
0.000000000000000000e+00
1.000000000000000000e+00
0.000000000000000000e+00
0.000000000000000000e+00
0.000000000000000000e+00
0.000000000000000000e+00
1.000000000000000000e+00
1.000000000000000000e+00
0.000000000000000000e+00
0.000000000000000000e+00
0.000000000000000000e+00
0.000000000000000000e+00
1.000000000000000000e+00
0.000000000000000000e+00
0.000000000000000000e+00
0.000000000000000000e+00
0.000000000000000000e+00
1.000000000000000000e+00
0.000000000000000000e+00
0.000000000000000000e+00
0.000000000000000000e+00
0.000000000000000000e+00
1.000000000000000000e+00
1.000000000000000000e+00
0.000000000000000000e+00
0.000000000000000000e+00
0.000000000000000000e+00
0.000000000000000000e+00
1.000000000000000000e+00
0.000000000000000000e+00
0.000000000000000000e+00
0.000000000000000000e+00
0.000000000000000000e+00
1.000000000000000000e+00
0.000000000000000000e+00
0.000000000000000000e+00
0.000000000000000000e+00
0.000000000000000000e+00
1.000000000000000000e+00
1.000000000000000000e+00
0.000000000000000000e+00
0.000000000000000000e+00
0.000000000000000000e+00
0.000000000000000000e+00
1.000000000000000000e+00
0.000000000000000000e+00
0.000000000000000000e+00
0.000000000000000000e+00
0.000000000000000000e+00
1.000000000000000000e+00
0.000000000000000000e+00
0.000000000000000000e+00
0.000000000000000000e+00
0.000000000000000000e+00
1.000000000000000000e+00
-1.200000000000000025e-02
0.000000000000000000e+00
0.000000000000000000e+00
7.399999999999999634e-02
0.000000000000000000e+00
0.000000000000000000e+00
-1.200000000000000025e-02
0.000000000000000000e+00
0.000000000000000000e+00
7.399999999999999634e-02
0.000000000000000000e+00
0.000000000000000000e+00
-1.200000000000000025e-02
-1.355530534734065706e-01
0.000000000000000000e+00
7.399999999999999634e-02
-1.299530000000000129e-01
0.000000000000000000e+00
-1.200000000000000025e-02
-1.355530534734065706e-01
0.000000000000000000e+00
7.399999999999999634e-02
-1.299530000000000129e-01
0.000000000000000000e+00
4.000000000000000083e-03
4.000000000000000083e-03
4.000000000000000083e-03
4.000000000000000083e-03
4.000000000000000083e-03
4.000000000000000083e-03
4.000000000000000083e-03
4.000000000000000083e-03
-3.141592653589793116e+00
-3.141592653589793116e+00
-3.141592653589793116e+00
-1.000000000000000000e+00
-1.000000000000000000e+00
-1.000000000000000000e+00
-3.499999999999999778e-01
-2.000000000000000000e+00
-2.999999999999999889e-01
-1.199999999999999956e+00
-3.499999999999999778e-01
-2.000000000000000000e+00
-2.999999999999999889e-01
-1.199999999999999956e+00
-1.600000000000000089e+00
-1.600000000000000089e+00
-1.600000000000000089e+00
-1.600000000000000089e+00
3.141592653589793116e+00
3.141592653589793116e+00
3.141592653589793116e+00
1.000000000000000000e+00
1.000000000000000000e+00
1.000000000000000000e+00
1.100000000000000089e+00
5.000000000000000278e-02
1.699999999999999956e+00
1.550000000000000044e+00
1.100000000000000089e+00
5.000000000000000278e-02
1.699999999999999956e+00
1.550000000000000044e+00
1.600000000000000089e+00
1.600000000000000089e+00
1.600000000000000089e+00
1.600000000000000089e+00
1.121250000000000036e+01
6.637500000000000178e+00
7.400000000000000355e+00
8.874999999999999556e-01
1.121250000000000036e+01
6.637500000000000178e+00
7.400000000000000355e+00
8.874999999999999556e-01
4.229000000000000092e+00
3.759999999999999787e+00
4.229000000000000092e+00
3.759999999999999787e+00
1.089999999999999997e-01
3.170000000000000040e-01
9.429999999999999494e-02
1.000000000000000021e-02
1.089999999999999997e-01
3.170000000000000040e-01
9.429999999999999494e-02
1.000000000000000021e-02
1.089999999999999997e-01
1.089999999999999997e-01
1.089999999999999997e-01
1.089999999999999997e-01
2.034065901983819202e+01
3.725054729920165286e+00
2.685260075922683010e-01
1.066943714175364044e-02
2.034065901983819202e+01
3.725054729920165286e+00
2.685260075922683010e-01
1.066943714175364044e-02
3.077250956193466447e+00
3.543145861256906115e-01
3.077250956193466447e+00
3.543145861256906115e-01
1.294926571501598067e+00
2.371443494218558046e-01
1.709489658281652599e-02
6.792374644473420922e-04
1.294926571501598067e+00
2.371443494218558046e-01
1.709489658281652599e-02
6.792374644473420922e-04
1.959038803249806837e-01
2.255636711658509652e-02
1.959038803249806837e-01
2.255636711658509652e-02
8.090000000000000524e-01
8.349999999999999645e-01
8.249999999999999556e-01
7.510000000000000009e-01
6.510000000000000231e-01
5.250000000000000222e-01
4.119999999999999774e-01
2.969999999999999862e-01
1.280000000000000027e-01
4.299999999999999656e-02
-2.699999999999999969e-02
-6.500000000000000222e-02
-1.390000000000000124e-01
-1.459999999999999909e-01
-4.200000000000000261e-02
1.670000000000000095e-01
4.420000000000000040e-01
7.670000000000000151e-01
8.870000000000000107e-01
8.850000000000000089e-01
8.070000000000000506e-01
-4.719999999999999751e-01
-6.700000000000000400e-01
-8.519999999999999796e-01
-9.479999999999999538e-01
-9.729999999999999760e-01
-9.589999999999999636e-01
-9.459999999999999520e-01
-8.900000000000000133e-01
-8.259999999999999565e-01
-8.489999999999999769e-01
-8.599999999999999867e-01
-8.719999999999999973e-01
-8.469999999999999751e-01
-9.220000000000000417e-01
-1.044999999999999929e+00
-1.173999999999999932e+00
-1.201000000000000068e+00
-1.084000000000000075e+00
-8.649999999999999911e-01
-6.330000000000000071e-01
-4.699999999999999734e-01
9.280000000000000471e-01
1.231999999999999984e+00
1.383000000000000007e+00
1.439999999999999947e+00
1.447000000000000064e+00
1.465000000000000080e+00
1.459999999999999964e+00
1.487000000000000099e+00
1.499000000000000110e+00
1.433000000000000052e+00
1.354000000000000092e+00
1.153000000000000025e+00
9.100000000000000311e-01
8.459999999999999742e-01
8.519999999999999796e-01
9.689999999999999725e-01
1.252999999999999892e+00
1.302999999999999936e+00
1.225000000000000089e+00
1.070999999999999952e+00
9.270000000000000462e-01
5.580000000000000515e-01
3.380000000000000226e-01
3.679999999999999938e-01
4.969999999999999973e-01
6.510000000000000231e-01
7.409999999999999920e-01
8.269999999999999574e-01
8.559999999999999831e-01
9.140000000000000346e-01
1.046000000000000041e+00
1.139999999999999902e+00
1.318999999999999950e+00
1.294999999999999929e+00
8.649999999999999911e-01
-2.500000000000000139e-02
-1.140000000000000041e-01
-1.419999999999999873e-01
-9.199999999999999845e-02
-3.500000000000000333e-02
1.340000000000000080e-01
5.590000000000000524e-01
-4.439900000000000097e-02
-8.038900000000000212e-02
-8.622130000000000072e-01
-7.685130000000000017e-01
-2.064000000000000001e-01
-1.605999999999999928e-01
-8.649999999999999356e-02
1.710000000000000062e-02
1.429999999999999882e-01
2.474999999999999978e-01
3.236999999999999877e-01
3.960000000000000187e-01
4.586999999999999966e-01
5.069000000000000172e-01
5.364999999999999769e-01
5.450000000000000400e-01
5.314999999999999725e-01
4.823000000000000065e-01
3.678000000000000158e-01
2.242999999999999994e-01
8.500000000000000611e-02
-3.749999999999999861e-02
-1.313999999999999890e-01
-1.912000000000000088e-01
-2.167000000000000037e-01
2.688999999999999724e-01
-1.330999999999999961e-01
2.000000000000000042e-02
2.688999999999999724e-01
-1.330999999999999961e-01
-2.000000000000000042e-02
0.000000000000000000e+00
0.000000000000000000e+00
2.000000000000000042e-02
0.000000000000000000e+00
0.000000000000000000e+00
-2.000000000000000042e-02
0.000000000000000000e+00
0.000000000000000000e+00
0.000000000000000000e+00
0.000000000000000000e+00
0.000000000000000000e+00
0.000000000000000000e+00
0.000000000000000000e+00
0.000000000000000000e+00
0.000000000000000000e+00
0.000000000000000000e+00
0.000000000000000000e+00
0.000000000000000000e+00
0.000000000000000000e+00
0.000000000000000000e+00
0.000000000000000000e+00
0.000000000000000000e+00
0.000000000000000000e+00
0.000000000000000000e+00
0.000000000000000000e+00
0.000000000000000000e+00
0.000000000000000000e+00
0.000000000000000000e+00
0.000000000000000000e+00
0.000000000000000000e+00
0.000000000000000000e+00
0.000000000000000000e+00
0.000000000000000000e+00
