PROBEGV 3.4694469519536142e-18  0  -2.2054247692863878  0  -98.439133086699997  0  -0.055867504385000002  -0.055867504385000002  -0.055867504385000002  -0.0046336421250000011  -0.055867504385000002  -0.055867504385000002  -0.055867504385000002  -0.0046336421250000011  0.023780442851805944  0.0044513255885555965  0.023780442851805944  0.0044513255885555965 
PROBEBV 0  0  0  0  0  0  0  0  0  0  0  0  0  0  0  0  0  0 
PROBEM 0.57360590381779208 0.032736431741752565 -2.1684043449710089e-19 0 8.6736173798840355e-19 1.4515906270483852 -0.00011393800000000001 -0.00011393800000000001 -0.00011393800000000001 -9.4500000000000044e-06 0.00011393800000000001 0.00011393800000000001 0.00011393800000000001 9.4500000000000044e-06 4.8498606255563149e-05 9.0781777437873248e-06 -4.8498606255563149e-05 -9.0781777437873248e-06 0.032736431741752565 0.08805711295835339 1.0842021724855044e-19 -8.6736173798840355e-19 0 -0.22489073937444365 0.0027099902000000003 0.00075930400000000003 0 0 -0.0027099902000000003 -0.00075930400000000003 0 0 0.00017050731671614769 0.00013941354125870345 -0.00017050731671614769 -0.00013941354125870345 -2.1684043449710089e-19 1.0842021724855044e-19 0.6329889371594789 -1.4515906270483852 0.22489073937444365 0 0.0322021819993 0.012085623762 0.00042511520200000006 5.185625000000001e-05 0.0322021819993 0.012085623762 0.00042511520200000006 5.185625000000001e-05 0.0053543922636092554 0.0019508424170044541 0.0053543922636092554 0.0019508424170044541 0 -8.6736173798840355e-19 -1.4515906270483852 10.037998000000004 0 0 0.13549950999999999 0.037965199999999998 0 0 0.13549950999999999 0.037965199999999998 0 0 0.0085253658358073834 0.0069706770629351725 0.0085253658358073834 0.0069706770629351725 8.6736173798840355e-19 0 0.22489073937444365 0 10.037998000000004 0 0.0056968999999999995 0.0056968999999999995 0.0056968999999999995 0.00047250000000000016 0.0056968999999999995 0.0056968999999999995 0.0056968999999999995 0.00047250000000000016 -0.002424930312778158 -0.00045390888718936613 -0.002424930312778158 -0.00045390888718936613 1.4515906270483852 -0.22489073937444365 0 0 0 10.037998000000004 0 0 0 0 0 0 0 0 0 0 0 0 -0.00011393800000000001 0.0027099902000000003 0.0322021819993 0.13549950999999999 0.0056968999999999995 0 0.0322021819993 0.012085623762 0.00042511520200000006 5.185625000000001e-05 0 0 0 0 0 0 0 0 -0.00011393800000000001 0.00075930400000000003 0.012085623762 0.037965199999999998 0.0056968999999999995 0 0.012085623762 0.005897296162 0.00042511520200000006 5.185625000000001e-05 0 0 0 0 0 0 0 0 -0.00011393800000000001 0 0.00042511520200000006 0 0.0056968999999999995 0 0.00042511520200000006 0.00042511520200000006 0.00042511520200000006 5.185625000000001e-05 0 0 0 0 0 0 0 0 -9.4500000000000044e-06 0 5.185625000000001e-05 0 0.00047250000000000016 0 5.185625000000001e-05 5.185625000000001e-05 5.185625000000001e-05 1.6891250000000009e-05 0 0 0 0 0 0 0 0 0.00011393800000000001 -0.0027099902000000003 0.0322021819993 0.13549950999999999 0.0056968999999999995 0 0 0 0 0 0.0322021819993 0.012085623762 0.00042511520200000006 5.185625000000001e-05 0 0 0 0 0.00011393800000000001 -0.00075930400000000003 0.012085623762 0.037965199999999998 0.0056968999999999995 0 0 0 0 0 0.012085623762 0.005897296162 0.00042511520200000006 5.185625000000001e-05 0 0 0 0 0.00011393800000000001 0 0.00042511520200000006 0 0.0056968999999999995 0 0 0 0 0 0.00042511520200000006 0.00042511520200000006 0.00042511520200000006 5.185625000000001e-05 0 0 0 0 9.4500000000000044e-06 0 5.185625000000001e-05 0 0.00047250000000000016 0 0 0 0 0 5.185625000000001e-05 5.185625000000001e-05 5.185625000000001e-05 1.6891250000000009e-05 0 0 0 0 4.8498606255563149e-05 0.00017050731671614769 0.0053543922636092554 0.0085253658358073834 -0.002424930312778158 0 0 0 0 0 0 0 0 0 0.0048717298319693389 0.001145101399693003 0 0 9.0781777437873248e-06 0.00013941354125870345 0.0019508424170044541 0.0069706770629351725 -0.00045390888718936613 0 0 0 0 0 0 0 0 0 0.001145101399693003 0.0005609308320000001 0 0 -4.8498606255563149e-05 -0.00017050731671614769 0.0053543922636092554 0.0085253658358073834 -0.002424930312778158 0 0 0 0 0 0 0 0 0 0 0 0.0048717298319693389 0.001145101399693003 -9.0781777437873248e-06 -0.00013941354125870345 0.0019508424170044541 0.0069706770629351725 -0.00045390888718936613 0 0 0 0 0 0 0 0 0 0 0 0.001145101399693003 0.0005609308320000001 
PROBEINV 3.2057716292908234 -2.539269237634747 -5.0819667576786214e-17 -2.0578386518769064e-18 3.3775395264501402e-19 -0.52047491799247647 0.4001296221583987 -0.50028272366828963 1.1239899121945338 -1.3496807943324012 -0.40012962215839792 0.5002827236682893 -1.1239899121945323 1.3496807943324018 -0.15223817928853478 0.89001009693343291 0.15223817928853461 -0.89001009693343203 -2.539269237634747 14.149582615811266 3.3089702283399025e-16 5.908875407749826e-18 -3.6930471298436412e-18 0.68420909440432864 -2.2296442857856555 2.7877279119882625 -1.3690575876587214 1.0690726969945945 2.2296442857856507 -2.7877279119882608 1.369057587658717 -1.0690726969945967 0.66710456405973106 -4.8374838706863006 -0.6671045640597304 4.837483870686297 -3.9246840558677936e-17 2.223987631658416e-16 5.5518189146347661 1.1593805576950493 -0.12326906033897481 7.086235100872405e-18 -14.686386010017387 11.42096423993245 -0.31795684081135434 -2.5949116548848132 -14.686386010017369 11.420964239932429 -0.31795684081134001 -2.5949116548848119 -0.46846067518329476 -32.859504570939379 -0.46846067518329504 -32.859504570939379 -1.1385313304052818e-17 5.7596290832267204e-17 1.1593805576950493 0.36042897362093779 -0.025796498504872832 2.0928884750097094e-18 -3.9991406526942739 3.5505567101661133 -0.29886139628320924 -0.54303678831847479 -3.9991406526942708 3.550556710166108 -0.29886139628320468 -0.54303678831847424 0.16849699538922513 -8.8760643377016493 0.1684969953892248 -8.8760643377016493 4.8196589186094227e-19 -5.2327725402045163e-18 -0.12326906033897485 -0.025796498504872846 0.10401882517573305 -1.2049147296523557e-19 0.32651539292123855 -0.2541192233940473 -1.610167172772617 2.1896789107801187 0.32651539292123816 -0.25411922339404702 -1.6101671727726157 2.1896789107801187 0.07016310465433083 0.690225514081375 0.070163104654330774 0.69022551408137511 -0.5204749179924768 0.68420909440432898 1.3607277842166012e-17 9.4494985015041752e-19 -1.5355435064944283e-19 0.19021609704434719 -0.10781539915647347 0.13480177061730247 -0.19321199252811999 0.21912821060855733 0.10781539915647327 -0.13480177061730234 0.19321199252811969 -0.21912821060855733 0.036960871359568631 -0.23708269707541108 -0.036960871359568603 0.23708269707541088 0.40012962215839876 -2.2296442857856538 -14.686386010017383 -3.9991406526942743 0.32651539292123843 -0.10781539915647342 190.84572846979688 -347.31789427953913 166.07233284483178 6.7049475019743898 45.843611883441568 -38.955930675220579 2.456904654168385 7.0418693596241448 -0.96421932512332875 103.55481778061582 -0.75397907710142587 102.03026846171176 -0.5002827236682903 2.7877279119882643 11.420964239932454 3.5505567101661151 -0.25411922339404741 0.1348017706173025 -347.31789427953913 873.47526230880931 -533.68016847667047 -5.1387845690220804 -38.955930675220607 34.427013751328197 -2.6743299635711799 -5.5600385209270575 1.7912821570974411 -88.390466200272527 1.5284184297439749 -86.484319683267046 1.1239899121945334 -1.3690575876587192 -0.31795684081135506 -0.2988613962832094 -1.6101671727726166 -0.19321199252811988 166.07233284483164 -533.68016847667025 4154.5806161619048 -11579.385392267035 2.456904654168425 -2.6743299635712039 25.888603868340091 -33.422080619003737 -1.5276328770568761 6.957429493428064 -1.3777678783837217 6.0073419569658855 -1.3496807943324021 1.0690726969945961 -2.5949116548848132 -0.54303678831847357 2.1896789107801196 0.21912821060855722 6.7049475019743587 -5.1387845690213636 -11579.385392267035 94692.191106626735 7.0418693596241475 -5.5600385209270895 -33.422080619003708 45.526243666779109 1.5410837886094122 14.155087048773233 1.4128944036435938 14.904503834184489 -0.40012962215839798 2.2296442857856502 -14.686386010017369 -3.9991406526942717 0.32651539292123821 0.10781539915647327 45.843611883441582 -38.955930675220607 2.4569046541684267 7.0418693596241457 190.84572846979663 -347.31789427953873 166.07233284483135 6.704947501974071 -0.75397907710142498 102.03026846171169 -0.96421932512332365 103.55481778061576 0.50028272366828885 -2.787727911988259 11.420964239932424 3.5505567101661071 -0.25411922339404697 -0.13480177061730222 -38.95593067522055 34.427013751328168 -2.6743299635712021 -5.5600385209270868 -347.31789427953868 873.4752623088084 -533.68016847666945 -5.1387845690211034 1.5284184297439636 -86.484319683266889 1.7912821570974486 -88.390466200272456 -1.1239899121945325 1.3690575876587168 -0.31795684081133879 -0.29886139628320568 -1.6101671727726161 0.19321199252811974 2.4569046541683877 -2.6743299635711799 25.888603868340091 -33.422080619003715 166.07233284483135 -533.68016847666956 4154.5806161619021 -11579.385392267035 -1.3777678783837077 6.0073419569657771 -1.527632877056887 6.9574294934280463 1.3496807943324025 -1.0690726969945963 -2.5949116548848168 -0.54303678831847213 2.1896789107801182 -0.21912821060855742 7.0418693596241191 -5.5600385209270513 -33.422080619003729 45.526243666779138 6.7049475019743348 -5.138784569021567 -11579.385392267035 94692.19110662672 1.4128944036435744 14.904503834184551 1.541083788609428 14.155087048773179 -0.15223817928853481 0.66710456405973084 -0.46846067518329559 0.16849699538922511 0.070163104654330871 0.036960871359568645 -0.96421932512333475 1.7912821570974449 -1.5276328770568761 1.541083788609414 -0.75397907710142409 1.5284184297439711 -1.3777678783837082 1.4128944036435744 395.32605405566198 -807.60195532806188 0.64258420724377474 -1.5563420465585607 0.89001009693343303 -4.8374838706862997 -32.859504570939379 -8.8760643377016528 0.690225514081375 -0.2370826970754111 103.55481778061586 -88.390466200272542 6.9574294934280658 14.155087048773229 102.0302684617117 -86.484319683266918 6.007341956965778 14.904503834184556 -807.60195532806188 3657.7444782532675 -1.5563420465585749 227.13144652079893 0.15223817928853461 -0.66710456405972962 -0.46846067518329448 0.16849699538922408 0.070163104654330857 -0.03696087135956861 -0.75397907710142387 1.5284184297439694 -1.3777678783837213 1.412894403643594 -0.96421932512331998 1.7912821570974422 -1.527632877056887 1.5410837886094271 0.64258420724377152 -1.5563420465585698 395.3260540556617 -807.60195532806131 -0.89001009693343214 4.8374838706862944 -32.859504570939379 -8.8760643377016475 0.69022551408137489 0.23708269707541094 102.03026846171174 -86.484319683267032 6.0073419569658837 14.904503834184492 103.55481778061575 -88.390466200272442 6.9574294934280472 14.155087048773176 -1.5563420465585658 227.13144652079893 -807.60195532806131 3657.7444782532662 
PROBEFREE -3.3827107781547738e-17 3.4694469519536142e-17 -1.1379786002407855e-15 -5.134781488891349e-16 -9.8066499999999976 3.2526065174565133e-18 -8.7707618945387367e-15 5.3290705182007514e-15 -6.629419235792966e-14 -5.224987109642143e-14 -2.7755575615628914e-16 -6.3837823915946501e-15 9.8185348740287282e-15 2.1815882433884326e-13 -5.2388648974499574e-16 1.9317880628477724e-14 -5.3290705182007514e-15 4.2632564145606011e-14 
PROBEGV 3.4694469519536142e-18  0  -5.5066317438514467  0  -98.439133086699997  0  -0.56446830232379419  -0.057855463173116926  -0.055691601332563553  -0.00458900604688649  0.5690653932981351  0.30675927944674725  -0.04264573647142729  -0.0043448567652895811  0.040409572682403097  0.018366176834735307  0.040409572682403097  0.018366176834735307 
PROBEBV 0.0041421782002142521  -0.00028107869163963069  -0.042982483162934931  -0.13862838928817942  -0.036826222383019927  0  -0.0037744442046503302  -0.0030741513126336631  0.00083517648952694792  4.2247712713868633e-05  -0.039208038958284605  -0.027002028067689553  0.0031262115636176745  0.00056736052344399793  -0.00048577582187866271  -0.00023884336981235658  -0.00048577582187866271  -0.00023884336981235658 
PROBEM 0.5500262175050955 -0.059307951007060593 -0.0023117653747649386 0 8.6736173798840355e-19 1.4113481220340507 -0.0011511949591833995 -0.00011799230761394958 -0.00011357925761103651 -9.3589677349278108e-06 -0.0011605704155815395 -0.0006256148214665503 8.6973097788597107e-05 8.8610417732652452e-06 8.2412592847512913e-05 3.7456576577598479e-05 -8.2412592847512913e-05 -3.7456576577598479e-05 -0.059307951007060593 0.10522577482991424 0.00019690915398550446 -8.6736173798840355e-19 0 -0.56152016681042427 0.0024077151100066799 0.00075312484904770235 -6.1663265928894638e-06 1.3085193680569465e-06 -0.0022108059560211756 -0.00033490639495839823 -7.2683166110114062e-05 -3.2839669140307103e-06 0.00015694911405491569 0.00013459403281173538 -0.00015694911405491569 -0.00013459403281173538 -0.0023117653747649386 0.00019690915398550446 0.62657791271834284 -1.4113481220340507 0.56152016681042427 0 0.031155018529877121 0.011511164592561829 0.0008211305561061274 0.00011293255294172752 0.026838321027586851 0.008886965451685486 0.00028127006879881563 -9.9494558611632665e-06 0.0053543922636092537 0.0019508424170044535 0.0053543922636092537 0.0019508424170044535 0 -8.6736173798840355e-19 -1.4113481220340507 10.037998000000004 0 0 0.12038575550033399 0.037656242452385115 -0.00030831632964447317 6.5425968402847324e-05 0.11054029780105878 0.016745319747919912 0.0036341583055057034 0.00016419834570153554 0.0078474557027457849 0.0067297016405867688 0.0078474557027457849 0.0067297016405867688 8.6736173798840355e-19 0 0.56152016681042427 0 10.037998000000004 0 0.057559747959169981 0.0058996153806974792 0.0056789628805518251 0.00046794838674639049 -0.05802852077907697 -0.031280741073327512 0.0043486548894298557 0.00044305208866326226 -0.0041206296423756429 -0.0018728288288799241 -0.0041206296423756429 -0.0018728288288799241 1.4113481220340507 -0.56152016681042427 0 0 0 10.037998000000004 0 0 0 0 0 0 0 0 0 0 0 0 -0.0011511949591833995 0.0024077151100066799 0.031155018529877121 0.12038575550033399 0.057559747959169981 0 0.031155018529877121 0.011511164592561829 0.0008211305561061274 0.00011293255294172752 0 0 0 0 0 0 0 0 -0.00011799230761394958 0.00075312484904770235 0.011511164592561829 0.037656242452385115 0.0058996153806974792 0 0.011511164592561829 0.0057955412925465404 0.00037346587455238436 6.3486667944386577e-05 0 0 0 0 0 0 0 0 -0.00011357925761103651 -6.1663265928894638e-06 0.0008211305561061274 -0.00030831632964447317 0.0056789628805518251 0 0.0008211305561061274 0.00037346587455238436 0.00042357141655822848 5.1084357279114159e-05 0 0 0 0 0 0 0 0 -9.3589677349278108e-06 1.3085193680569465e-06 0.00011293255294172752 6.5425968402847324e-05 0.00046794838674639049 0 0.00011293255294172752 6.3486667944386577e-05 5.1084357279114159e-05 1.6891249999999992e-05 0 0 0 0 0 0 0 0 -0.0011605704155815395 -0.0022108059560211756 0.026838321027586851 0.11054029780105878 -0.05802852077907697 0 0 0 0 0 0.026838321027586851 0.008886965451685486 0.00028127006879881563 -9.9494558611632665e-06 0 0 0 0 -0.0006256148214665503 -0.00033490639495839823 0.008886965451685486 0.016745319747919912 -0.031280741073327512 0 0 0 0 0 0.008886965451685486 0.0048638405130841294 -9.3997634307522822e-05 -1.5882775656106386e-05 0 0 0 0 8.6973097788597107e-05 -7.2683166110114062e-05 0.00028127006879881563 0.0036341583055057034 0.0043486548894298557 0 0 0 0 0 0.00028127006879881563 -9.3997634307522822e-05 0.00042034517830082541 4.9471238150412708e-05 0 0 0 0 8.8610417732652452e-06 -3.2839669140307103e-06 -9.9494558611632665e-06 0.00016419834570153554 0.00044305208866326226 0 0 0 0 0 -9.9494558611632665e-06 -1.5882775656106386e-05 4.9471238150412708e-05 1.6891250000000009e-05 0 0 0 0 8.2412592847512913e-05 0.00015694911405491569 0.0053543922636092537 0.0078474557027457849 -0.0041206296423756429 0 0 0 0 0 0 0 0 0 0.0048717298319693389 0.001145101399693003 0 0 3.7456576577598479e-05 0.00013459403281173538 0.0019508424170044535 0.0067297016405867688 -0.0018728288288799241 0 0 0 0 0 0 0 0 0 0.001145101399693003 0.00056093083199999999 0 0 -8.2412592847512913e-05 -0.00015694911405491569 0.0053543922636092537 0.0078474557027457849 -0.0041206296423756429 0 0 0 0 0 0 0 0 0 0 0 0.0048717298319693389 0.001145101399693003 -3.7456576577598479e-05 -0.00013459403281173538 0.0019508424170044535 0.0067297016405867688 -0.0018728288288799241 0 0 0 0 0 0 0 0 0 0 0 0.001145101399693003 0.00056093083199999999 
PROBEINV 2.8896473900179425 -0.77606373241434845 -0.015467751946603521 -0.0051565684779762916 -0.00020010772829124839 -0.44969862055394327 0.44368388455993035 -0.69094996590683233 0.58278973514998889 -0.34184825729314255 -0.032010400784544438 0.41119977138397018 -0.63219091120542825 0.59885345168117121 -0.046499742027112934 0.20317427446289396 0.039226353166439402 0.041657802441665538 -0.77606373241434823 13.859399811943357 -0.063645398159379141 -0.016020405859304171 0.01437760725506034 0.88440230667674202 -1.5600930812043556 1.3946674103869077 1.9710482484131866 -2.186804647160558 2.2581547397714656 -2.9994716847574763 0.37914467210482705 0.24204960591376823 0.6450778257093801 -4.1290328862148371 -0.64727411798149603 5.0566302481859715 -0.015467751946603535 -0.063645398159379293 5.1520757193516316 0.99696937078142012 -0.30281386754432693 -0.0013855145148707032 -9.0988904685909642 0.97049303684016752 13.046633352835647 -12.1930756896726 -12.783939504059772 8.5838959533302059 2.0101485079585926 -4.0643343523138391 -0.51008156852467856 -29.832683581378451 -0.50423614121016569 -29.877225484339053 -0.005156568477976289 -0.016020405859304178 0.99696937078142023 0.30832778930752414 -0.057404666899920409 -0.00017115641315682258 -2.4132845959233848 0.67878560278625988 3.5540098603714814 -3.4359548041022903 -3.3377397904521073 2.8461004960646714 0.23214295131842771 -0.87444024632251394 0.16954180310535591 -7.7000339307553931 0.17100724685956975 -7.7114023173696555 -0.00020010772829124766 0.01437760725506034 -0.30281386754432688 -0.057404666899920395 0.12344273338178663 0.00083241081445967582 -0.042310631162617136 1.0515560045773971 -2.1575924559136652 1.6816676987587793 0.79927763822360953 0.065543303073065079 -1.2549990837566696 1.3527768363777553 0.045646548127085337 2.0573801461600669 0.044308714514619631 2.0669842620674932 -0.44969862055394327 0.8844023066767418 -0.0013855145148706984 -0.00017115641315682234 0.00083241081445967592 0.21232232108162985 -0.14965296311556231 0.17516488982440689 0.028318808491066435 -0.074264610762436581 0.13082063228076424 -0.22560373750739524 0.11009554244007243 -0.070659005841078454 0.042623193577351823 -0.25954227782690514 -0.041723410442673775 0.27700804475313828 0.44368388455993008 -1.5600930812043556 -9.0988904685909624 -2.4132845959233857 -0.042310631162616935 -0.14965296311556225 144.59807952279931 -251.36712739638233 -75.774470887100023 278.8998244441907 26.914889463894742 -24.496329442909836 3.3398527719588547 1.7116255568880043 -0.76260361866204651 62.358071662367223 -0.61545649491395593 61.368254334425856 -0.690949965906832 1.3946674103869083 0.97049303684016919 0.6787856027862621 1.0515560045773968 0.17516488982440689 -251.36712739638244 674.76846899504221 -24.316029998905574 -820.74905464005133 -5.300734833044646 12.14763543659773 -11.971840812289301 10.388184864988258 1.2423801690671721 -10.83271480294337 1.1094543798592806 -9.9843390997357311 0.58278973514998866 1.9710482484131873 13.046633352835645 3.5540098603714823 -2.1575924559136652 0.028318808491066536 -75.774470887100051 -24.316029998905552 3885.7493647386109 -11194.746259879013 -40.480821046605982 24.50216189426169 18.67526261493035 -25.694322563003965 1.0356837979027442 -97.843144931300159 0.8551425645997377 -96.450853304005506 -0.341848257293143 -2.1868046471605589 -12.193075689672604 -3.435954804102292 1.6816676987587795 -0.074264610762436609 278.89982444419087 -820.74905464005155 -11194.746259879019 94326.985591702643 38.464780062111721 -25.750897297223322 -13.763159116401024 20.616201088188692 -1.2897910313385894 92.423645764754838 -1.088056805314173 90.916727727654404 -0.032010400784544507 2.2581547397714647 -12.783939504059763 -3.3377397904521073 0.79927763822360909 0.13082063228076418 26.914889463894738 -5.3007348330446451 -40.480821046605975 38.4647800621117 138.4799391101777 -214.71331890676919 -148.77809572195468 319.82411049186175 -0.63922322794745312 87.938818894641486 -0.84934682473421197 89.447174440000566 0.41119977138397013 -2.9994716847574754 8.5838959533302006 2.8461004960646719 0.065543303073065134 -0.22560373750739512 -24.496329442909843 12.147635436597728 24.502161894261675 -25.750897297223325 -214.71331890676908 576.87925893578517 297.6409075207884 -480.89714372189474 1.8362718586357489 -66.836926410786944 2.1171063663646001 -68.794746581284556 -0.63219091120542792 0.37914467210482705 2.0101485079585899 0.23214295131842841 -1.2549990837566696 0.11009554244007241 3.3398527719588453 -11.971840812289297 18.67526261493035 -13.763159116401031 -148.77809572195466 297.6409075207884 3858.5467584135718 -11076.458142943799 -0.67676138376585637 -12.633509034446309 -0.71498350292055513 -12.457961528681546 0.59885345168117032 0.24204960591376717 -4.0643343523138249 -0.87444024632251538 1.352776836377755 -0.070659005841078218 1.7116255568880152 10.38818486498824 -25.694322563003961 20.616201088188678 319.82411049186169 -480.89714372189468 -11076.458142943802 91349.632183357535 0.33618166364943153 28.358479933752228 0.31648586924084349 28.594823774608393 -0.046499742027112941 0.64507782570938066 -0.51008156852467668 0.1695418031053561 0.04564654812708506 0.042623193577351816 -0.76260361866205262 1.2423801690671734 1.0356837979027544 -1.2897910313385865 -0.63922322794745845 1.8362718586357458 -0.67676138376585648 0.33618166364943047 395.32551709358972 -807.2889701351736 0.6455192778183777 -1.2737612235439484 0.20317427446289402 -4.129032886214838 -29.832683581378454 -7.7000339307553931 2.0573801461600674 -0.25954227782690503 62.358071662367244 -10.832714802943373 -97.843144931300188 92.423645764754838 87.938818894641514 -66.836926410786944 -12.633509034446305 28.358479933752236 -807.2889701351736 3634.7561280125988 -1.3151263879111157 204.71104441317249 0.039226353166439375 -0.64727411798149581 -0.50423614121016658 0.17100724685956895 0.04430871451461936 -0.041723410442673754 -0.61545649491396281 1.1094543798592806 0.85514256459973492 -1.0880568053141737 -0.84934682473422041 2.1171063663646068 -0.71498350292055524 0.31648586924084537 0.64551927781837382 -1.3151263879111115 395.32568717286205 -807.3327078668857 0.041657802441665559 5.0566302481859715 -29.877225484339046 -7.711402317369652 2.0669842620674945 0.27700804475313828 61.36825433442587 -9.9843390997357329 -96.45085330400552 90.916727727654404 89.44717444000058 -68.794746581284571 -12.457961528681546 28.594823774608386 -1.2737612235439433 204.71104441317249 -807.3327078668857 3635.4077069720506 
PROBEFREE -0.41905242530585074 -0.043949368898907062 -3.2932848318537014 -0.85965515037118667 -9.576939512053297 0.056460501041532357 -19.606291510511532 117.97966034357052 -518.53005029212761 -428.92082609058383 -58.880731649856827 155.60550064510136 1857.8744095900047 -7639.0801947404552 -0.19028778552132533 23.386955867292222 -0.18816823897562607 23.305572785407193 
